TM_169_R2: 3352, 3060, 3041, 3012, 2881, 2749, 1746, 1679, 1592, 1509, 1483, 1438, 1406, 1396, 1365, 1267, 1239, 1146, 1114, 1021, 1008, 977, 911, 870, 855, 799, 772, 658, 632, 522, 456, 426.

TM_170_R_IIrzut: 3057, 3038, 2961, 2868, 1945, 1822, 1696, 1631, 1592, 1507, 1478, 1454, 1392, 1377, 1367, 1337, 1262, 1204, 1180, 1116, 1057, 1017, 965, 915, 800, 776, 740, 661, 564, 429.

TM_171: 3053, 2918, 2851, 1935, 1826, 1632, 1592, 1507, 1446, 1377, 1332, 1263, 1242, 1116, 1019, 966, 912, 800, 776, 737, 694, 662, 558, 430.

TM_172_II_rzut: 3054, 2956, 2869, 1936, 1827, 1695, 1631, 1592, 1508, 1454, 1376, 1338, 1263, 1241, 1138, 1112, 1055, 1018, 966, 913, 801, 776, 740, 662, 554, 430.

TM_173_II_rzut: 3056, 3027, 2964, 2925, 2867, 1940, 1868, 1630, 1591, 1507, 1489, 1446, 1377, 1336, 1264, 1241, 1117, 1080, 1017, 968, 907, 880, 801, 776, 761, 695, 664, 616, 577, 530, 469, 430.

TM_174: 3054, 2963, 2924, 2868, 1940, 1747, 1632, 1592, 1508, 1488, 1454, 1376, 1325, 1267, 1241, 1141, 1021, 966, 913, 887, 803, 778, 741, 694, 662, 549, 526.

TM_175: 3057, 3042, 2946, 2871, 1630, 1592, 1507, 1454, 1368, 1263, 1112, 1059, 1018, 942, 800, 776, 664, 554, 430.

TM_178: 3044, 1631, 1594, 1508, 1441, 1371, 1257, 1229, 1167, 1119, 1072, 1013, 960, 911, 862, 795, 772, 733, 661, 559, 466, 429.

TM_195: 3058, 2931, 2859, 1766, 1704, 1633, 1506, 1467, 1453, 1383, 1362, 1265, 1153, 1088, 1050, 1015, 998, 946, 907, 878, 800, 775, 715, 637, 561, 530, 428.

TM_197: 3304, 3053, 2932, 2857, 1935, 1746, 1590, 1508, 1494, 1455, 1435, 1405, 1360, 1334, 1216, 1135, 1109, 1073, 1054, 1019, 974, 907, 804, 779, 741, 660, 568, 519, 434.

TM_198_R2: 3054, 2925, 2854, 1937, 1766, 1700, 1611, 1592, 1507, 1466, 1373, 1329, 1173, 1153, 1115, 1083, 1016, 952, 903, 870, 800, 776, 715, 638, 569, 530, 423.

TM_208: 3368, 3054, 2840, 2749, 1943, 1823, 1740, 1690, 1596, 1504, 1479, 1447, 1387, 1337, 1298, 1261, 1246, 1194, 1159, 1119, 1039, 1014, 957, 926, 883, 870, 836, 817, 802, 780, 765, 738, 704, 636, 618, 578, 565, 477, 444, 419.

TM_209_R: 3368, 3057, 3028, 2853, 2747, 1982, 1961, 1745, 1684, 1579, 1487, 1468, 1447, 1431, 1398, 1379, 1277, 1263, 1250, 1219, 1182, 1148, 1073, 1025, 1009, 974, 958, 917, 886, 832, 784, 767, 741, 702, 671, 613, 569, 548, 528, 487, 462, 411.

TM_210: 3262, 3058, 2958, 2901, 2866, 2825, 2606, 1933, 1814, 1739, 1638, 1594, 1506, 1477, 1455, 1392, 1367, 1269, 1248, 1202, 1158, 1119, 1083, 1056, 1017, 964, 915, 863, 801, 777, 760, 695, 635, 620, 569, 462, 439, 420.

TM_211: 3059, 3025, 2975, 2955, 2900, 2865, 1747, 1625, 1597, 1489, 1472, 1447, 1430, 1392, 1380, 1359, 1330, 1317, 1250, 1223, 1203, 1180, 1168, 1118, 1074, 1056, 1029, 1008, 966, 912, 889, 840, 777, 760, 741, 699, 614, 594, 560, 538, 513, 455, 406.

TM_218: 3380, 3056, 2858, 2763, 1950, 1928, 1843, 1821, 1787, 1725, 1695, 1621, 1595, 1517, 1474, 1440, 1396, 1354, 1287, 1265, 1221, 1199, 1168, 1141, 1092, 1037, 1013, 957, 936, 896, 859, 849, 838, 820, 793, 760, 736, 694, 655, 630, 610, 576, 553, 467, 442, 407.

TM_219: 3053, 2958, 2902, 2865, 1947, 1821, 1697, 1637, 1596, 1519, 1442, 1409, 1392, 1355, 1312, 1268, 1201, 1155, 1141, 1121, 1057, 1039, 1012, 963, 936, 888, 845, 822, 792, 761, 735, 630, 611, 553, 455, 416.

TM_185_new: 3340, 3043, 2919, 2847, 1929, 1812, 1592, 1507, 1446, 1405, 1371, 1214, 1154, 1111, 1017, 966, 891, 864, 797, 775, 567, 471, 430.

TM_186_new: 3327, 3059, 2980, 2943, 2871, 2820, 1591, 1509, 1446, 1386, 1327, 1243, 1210, 1117, 1096, 1075, 1017, 986, 901, 866, 801, 778, 741, 660, 567, 430.

TM_188_new: 3052, 2953, 2866, 2817, 1739, 1591, 1508, 1453, 1392, 1364, 1333, 1203, 1112, 1017, 971, 903, 802, 775, 738, 660, 561, 469, 438.

TM_189_new: 3307, 3053, 2956, 2926, 2870, 2824, 1939, 1714, 1590, 1508, 1493, 1458, 1405, 1381, 1365, 1337, 1260, 1218, 1142, 1113, 1091, 1018, 972, 906, 803, 776, 739, 724, 660, 569, 514, 477, 439.

TM_190_new: 3312, 3052, 2961, 2924, 2874, 2824, 1941, 1590, 1508, 1494, 1455, 1406, 1373, 1331, 1260, 1223, 1163, 1120, 1079, 1019, 974, 906, 804, 778, 740, 660, 568, 512, 472, 437.

TM_192_R_11-20_new: 3326, 3056, 2959, 2923, 2833, 1942, 1738, 1681, 1591, 1507, 1491, 1449, 1405, 1368, 1200, 1113, 1056, 1016, 907, 865, 799, 775, 759, 698, 569, 541, 434.

TM_193_new_: 3053, 3015, 2925, 2863, 2834, 1746, 1683, 1628, 1508, 1488, 1450, 1375, 1264, 1239, 1115, 1072, 966, 877, 803, 776, 738, 549, 433.

TM_194_new: 3055, 2944, 2918, 2863, 1941, 1714, 1626, 1591, 1508, 1488, 1436, 1380, 1361, 1325, 1266, 1241, 1170, 1123, 1076, 1021, 964, 912, 805, 779, 742, 693, 661, 572, 540, 501, 470, 440, 421, 405.

